



        77        77               77       77
         7        7                  77     7
          7      7                     77
           77    7                      777
             7 7           7              7
             77         77777             7
              7        77   777           7
              7        7    77777         7
              7        777777   77
                                  7       7
                                           7
                                           7
